5.174050590000000000e+08
5.174050640000000000e+08
5.174056450000000000e+08
5.174050450000000000e+08
5.174050400000000000e+08
5.174051810000000000e+08
5.174055260000000000e+08
5.174049630000000000e+08
5.174049590000000000e+08
5.174055350000000000e+08
5.174049830000000000e+08
5.174050750000000000e+08
5.174057140000000000e+08
5.174050800000000000e+08
5.174056150000000000e+08
5.174054150000000000e+08
5.174056200000000000e+08
5.174056250000000000e+08
5.174052980000000000e+08
5.174052940000000000e+08
5.174056050000000000e+08
5.174056100000000000e+08
5.174048960000000000e+08
5.174055950000000000e+08
5.174056000000000000e+08
5.174055160000000000e+08
5.174055310000000000e+08
5.174057170000000000e+08
5.174057290000000000e+08
5.174053910000000000e+08
5.174055060000000000e+08
5.174055210000000000e+08
5.174054960000000000e+08
5.174055110000000000e+08
5.174052250000000000e+08
5.174052300000000000e+08
5.174052080000000000e+08
5.174052140000000000e+08
5.174046570000000000e+08
5.174052200000000000e+08
5.174052350000000000e+08
5.174054190000000000e+08
5.174048570000000000e+08
5.174046940000000000e+08
5.174054740000000000e+08
5.174054360000000000e+08
5.174056300000000000e+08
5.174056820000000000e+08
5.174046830000000000e+08
5.174056860000000000e+08
5.174046990000000000e+08
5.174047040000000000e+08
5.174056730000000000e+08
5.174050500000000000e+08
5.174050540000000000e+08
5.174050220000000000e+08
5.174051560000000000e+08
5.174053730000000000e+08
5.174051600000000000e+08
5.174055670000000000e+08
5.174046360000000000e+08
5.174049670000000000e+08
5.174052830000000000e+08
5.174055530000000000e+08
5.174046250000000000e+08
5.174049380000000000e+08
5.174054310000000000e+08
5.174053830000000000e+08
5.174053680000000000e+08
5.174056610000000000e+08
5.174046780000000000e+08
5.174048810000000000e+08
5.174047320000000000e+08
5.174047570000000000e+08
5.174048340000000000e+08
5.174053880000000000e+08
5.174054010000000000e+08
5.174047620000000000e+08
5.174055010000000000e+08
5.174047810000000000e+08
5.174047760000000000e+08
5.174047910000000000e+08
5.174054100000000000e+08
5.174054050000000000e+08
5.174046610000000000e+08
5.174047190000000000e+08
5.174053780000000000e+08
5.174047270000000000e+08
5.174053950000000000e+08
5.174051480000000000e+08
5.174051520000000000e+08
5.174047720000000000e+08
5.174048660000000000e+08
5.174054880000000000e+08
5.174054920000000000e+08
5.174046330000000000e+08
5.174053590000000000e+08
5.174056490000000000e+08
5.174052030000000000e+08
5.174046680000000000e+08
5.174054390000000000e+08
5.174051980000000000e+08
5.174051920000000000e+08
5.174051880000000000e+08
5.174047440000000000e+08
5.174047490000000000e+08
5.174046480000000000e+08
5.174047670000000000e+08
5.174045600000000000e+08
5.174051400000000000e+08
5.174045860000000000e+08
5.174045550000000000e+08
5.174051360000000000e+08
5.174045750000000000e+08
5.174051430000000000e+08
5.174045830000000000e+08
5.174045780000000000e+08
5.174054840000000000e+08
5.174054430000000000e+08
5.174045230000000000e+08
5.174045280000000000e+08
5.174047140000000000e+08
5.174047090000000000e+08
5.174053340000000000e+08
5.174056530000000000e+08
5.174053560000000000e+08
5.174053370000000000e+08
5.174053050000000000e+08
5.174046510000000000e+08
5.174053460000000000e+08
5.174052770000000000e+08
5.174056570000000000e+08
5.174056400000000000e+08
5.174056350000000000e+08
5.174054460000000000e+08
5.174050050000000000e+08
5.174051060000000000e+08
5.174045650000000000e+08
5.174045700000000000e+08
5.174046060000000000e+08
5.174049940000000000e+08
5.174046110000000000e+08
5.174050000000000000e+08
5.174051110000000000e+08
5.174057050000000000e+08
5.174048760000000000e+08
5.174049210000000000e+08
5.174049260000000000e+08
5.174053010000000000e+08
5.174049010000000000e+08
5.174049800000000000e+08
5.174049720000000000e+08
5.174050960000000000e+08
5.174051000000000000e+08
5.174057200000000000e+08
5.174057230000000000e+08
5.174051310000000000e+08
5.174057080000000000e+08
5.174049520000000000e+08
5.174049160000000000e+08
5.174049110000000000e+08
5.174046540000000000e+08
5.174046280000000000e+08
5.174046450000000000e+08
5.174052880000000000e+08
5.174055900000000000e+08
5.174052580000000000e+08
5.174045140000000000e+08
5.174048490000000000e+08
5.174053150000000000e+08
5.174048060000000000e+08
5.174048390000000000e+08
