5.175370930000000000e+08
5.175373550000000000e+08
5.175373180000000000e+08
5.175383050000000000e+08
5.175379860000000000e+08
5.175380430000000000e+08
5.175376500000000000e+08
5.175378390000000000e+08
5.175382810000000000e+08
5.175383000000000000e+08
5.175382860000000000e+08
5.175376350000000000e+08
5.175376740000000000e+08
5.175376050000000000e+08
5.175374010000000000e+08
5.175373960000000000e+08
5.175372900000000000e+08
5.175376300000000000e+08
5.175382230000000000e+08
5.175373230000000000e+08
5.175377330000000000e+08
5.175367350000000000e+08
5.175367110000000000e+08
5.175367030000000000e+08
5.175371600000000000e+08
5.175371650000000000e+08
5.175374340000000000e+08
5.175381390000000000e+08
5.175367520000000000e+08
5.175373430000000000e+08
5.175374690000000000e+08
5.175382430000000000e+08
5.175372640000000000e+08
5.175372610000000000e+08
5.175380920000000000e+08
5.175372460000000000e+08
5.175380770000000000e+08
5.175375050000000000e+08
5.175374780000000000e+08
5.175376540000000000e+08
5.175376000000000000e+08
5.175376150000000000e+08
5.175378200000000000e+08
5.175374590000000000e+08
5.175373350000000000e+08
5.175379050000000000e+08
5.175376250000000000e+08
5.175375900000000000e+08
5.175380970000000000e+08
5.175379780000000000e+08
5.175366920000000000e+08
5.175378250000000000e+08
5.175374130000000000e+08
5.175377380000000000e+08
5.175377430000000000e+08
5.175377480000000000e+08
5.175381120000000000e+08
5.175380280000000000e+08
5.175379900000000000e+08
5.175369030000000000e+08
5.175378780000000000e+08
5.175379930000000000e+08
5.175373660000000000e+08
5.175382480000000000e+08
5.175382640000000000e+08
5.175370480000000000e+08
5.175375710000000000e+08
5.175370520000000000e+08
5.175377110000000000e+08
5.175377280000000000e+08
5.175366880000000000e+08
5.175375850000000000e+08
5.175377210000000000e+08
5.175377770000000000e+08
5.175370680000000000e+08
5.175367620000000000e+08
5.175377610000000000e+08
5.175373470000000000e+08
5.175375160000000000e+08
5.175370880000000000e+08
5.175371800000000000e+08
5.175377070000000000e+08
5.175367070000000000e+08
5.175379690000000000e+08
5.175372170000000000e+08
5.175382140000000000e+08
5.175370730000000000e+08
5.175372070000000000e+08
5.175369420000000000e+08
5.175371030000000000e+08
5.175375530000000000e+08
5.175381240000000000e+08
5.175377160000000000e+08
5.175379150000000000e+08
5.175377900000000000e+08
5.175375680000000000e+08
5.175374490000000000e+08
5.175379100000000000e+08
5.175380670000000000e+08
5.175381730000000000e+08
5.175379200000000000e+08
5.175380870000000000e+08
5.175380570000000000e+08
5.175376420000000000e+08
5.175372430000000000e+08
5.175367670000000000e+08
5.175374640000000000e+08
5.175382100000000000e+08
5.175374390000000000e+08
5.175375360000000000e+08
5.175375480000000000e+08
5.175382710000000000e+08
5.175368910000000000e+08
5.175376200000000000e+08
5.175368990000000000e+08
5.175378830000000000e+08
5.175378300000000000e+08
5.175380720000000000e+08
5.175378000000000000e+08
5.175379000000000000e+08
5.175377580000000000e+08
5.175368310000000000e+08
5.175373130000000000e+08
5.175368190000000000e+08
5.175374440000000000e+08
5.175368730000000000e+08
5.175370440000000000e+08
5.175368670000000000e+08
5.175376580000000000e+08
5.175378150000000000e+08
5.175378100000000000e+08
5.175378050000000000e+08
5.175372520000000000e+08
5.175376620000000000e+08
5.175377950000000000e+08
5.175380470000000000e+08
5.175376660000000000e+08
5.175372020000000000e+08
5.175372120000000000e+08
5.175371880000000000e+08
5.175372220000000000e+08
5.175371970000000000e+08
5.175375430000000000e+08
5.175381070000000000e+08
5.175373810000000000e+08
5.175377850000000000e+08
5.175380520000000000e+08
5.175374540000000000e+08
5.175380200000000000e+08
5.175382530000000000e+08
5.175380320000000000e+08
5.175380820000000000e+08
5.175368480000000000e+08
5.175369800000000000e+08
5.175370270000000000e+08
5.175370310000000000e+08
5.175369950000000000e+08
5.175369700000000000e+08
5.175373710000000000e+08
5.175370390000000000e+08
5.175370100000000000e+08
5.175381290000000000e+08
5.175367430000000000e+08
5.175368610000000000e+08
5.175367570000000000e+08
5.175373610000000000e+08
5.175380620000000000e+08
5.175367230000000000e+08
5.175369160000000000e+08
5.175367150000000000e+08
5.175378950000000000e+08
5.175379250000000000e+08
5.175379570000000000e+08
5.175373860000000000e+08
5.175369750000000000e+08
5.175367720000000000e+08
5.175382280000000000e+08
5.175372320000000000e+08
5.175369260000000000e+08
5.175383210000000000e+08
5.175369210000000000e+08
5.175369570000000000e+08
5.175383300000000000e+08
5.175373740000000000e+08
5.175370050000000000e+08
5.175375820000000000e+08
5.175370230000000000e+08
5.175369850000000000e+08
5.175375790000000000e+08
5.175372700000000000e+08
5.175372750000000000e+08
5.175368410000000000e+08
5.175381020000000000e+08
5.175381190000000000e+08
5.175382950000000000e+08
5.175378710000000000e+08
5.175376100000000000e+08
5.175375950000000000e+08
5.175374830000000000e+08
5.175378550000000000e+08
5.175369520000000000e+08
5.175368860000000000e+08
5.175382760000000000e+08
5.175372580000000000e+08
5.175378470000000000e+08
5.175381340000000000e+08
5.175372400000000000e+08
5.175369620000000000e+08
5.175373000000000000e+08
5.175372950000000000e+08
5.175372800000000000e+08
5.175381530000000000e+08
5.175375260000000000e+08
5.175370630000000000e+08
5.175367470000000000e+08
