5.174045780000000000e+08
5.174051520000000000e+08
5.174053780000000000e+08
5.174050350000000000e+08
5.174055670000000000e+08
5.174050310000000000e+08
5.174049670000000000e+08
5.174049380000000000e+08
5.174055160000000000e+08
5.174046140000000000e+08
5.174046180000000000e+08
5.174055310000000000e+08
5.174049630000000000e+08
5.174051180000000000e+08
5.174049110000000000e+08
5.174051840000000000e+08
5.174055900000000000e+08
5.174049010000000000e+08
5.174048960000000000e+08
5.174047320000000000e+08
5.174049310000000000e+08
5.174049060000000000e+08
5.174054960000000000e+08
5.174055110000000000e+08
5.174055010000000000e+08
5.174055060000000000e+08
5.174046780000000000e+08
5.174047810000000000e+08
5.174047860000000000e+08
5.174047910000000000e+08
5.174052700000000000e+08
5.174056050000000000e+08
5.174056100000000000e+08
5.174055950000000000e+08
5.174047040000000000e+08
5.174046940000000000e+08
5.174056200000000000e+08
5.174056250000000000e+08
5.174056150000000000e+08
5.174048570000000000e+08
5.174045230000000000e+08
5.174047140000000000e+08
5.174045600000000000e+08
5.174050270000000000e+08
5.174050400000000000e+08
5.174049480000000000e+08
5.174053730000000000e+08
5.174051600000000000e+08
5.174046360000000000e+08
5.174055530000000000e+08
5.174046610000000000e+08
5.174056300000000000e+08
5.174048340000000000e+08
5.174050870000000000e+08
5.174050450000000000e+08
5.174045190000000000e+08
5.174047090000000000e+08
5.174048660000000000e+08
5.174048810000000000e+08
5.174051920000000000e+08
5.174051980000000000e+08
5.174046830000000000e+08
5.174047490000000000e+08
5.174047670000000000e+08
5.174047440000000000e+08
5.174047760000000000e+08
5.174047570000000000e+08
5.174047620000000000e+08
5.174054100000000000e+08
5.174054050000000000e+08
5.174047270000000000e+08
5.174047190000000000e+08
5.174053830000000000e+08
5.174050590000000000e+08
5.174050640000000000e+08
5.174053950000000000e+08
5.174054310000000000e+08
5.174056400000000000e+08
5.174052300000000000e+08
5.174049560000000000e+08
5.174052200000000000e+08
5.174052140000000000e+08
5.174052080000000000e+08
5.174052030000000000e+08
5.174051880000000000e+08
5.174045650000000000e+08
5.174045550000000000e+08
5.174050220000000000e+08
5.174045860000000000e+08
5.174050500000000000e+08
5.174050540000000000e+08
5.174045140000000000e+08
5.174049260000000000e+08
5.174045280000000000e+08
5.174051310000000000e+08
5.174048490000000000e+08
5.174045700000000000e+08
5.174046060000000000e+08
5.174050000000000000e+08
5.174051110000000000e+08
5.174051060000000000e+08
5.174050960000000000e+08
5.174053510000000000e+08
5.174053590000000000e+08
5.174053460000000000e+08
5.174049590000000000e+08
5.174055260000000000e+08
5.174049830000000000e+08
5.174051760000000000e+08
5.174050750000000000e+08
5.174055380000000000e+08
5.174050800000000000e+08
5.174053050000000000e+08
5.174045390000000000e+08
5.174048760000000000e+08
5.174053370000000000e+08
5.174052830000000000e+08
5.174049210000000000e+08
5.174047720000000000e+08
5.174048710000000000e+08
