5.174093090000000000e+08
5.174099010000000000e+08
5.174098980000000000e+08
5.174103860000000000e+08
5.174091390000000000e+08
5.174104260000000000e+08
5.174104340000000000e+08
5.174104410000000000e+08
5.174104510000000000e+08
5.174104610000000000e+08
5.174104460000000000e+08
5.174095220000000000e+08
5.174104970000000000e+08
5.174095270000000000e+08
5.174103670000000000e+08
5.174103550000000000e+08
5.174104010000000000e+08
5.174095420000000000e+08
5.174095560000000000e+08
5.174090520000000000e+08
5.174093620000000000e+08
5.174093770000000000e+08
5.174094270000000000e+08
5.174094020000000000e+08
5.174094070000000000e+08
5.174098830000000000e+08
5.174098790000000000e+08
5.174093720000000000e+08
5.174090980000000000e+08
5.174100560000000000e+08
5.174103960000000000e+08
5.174102740000000000e+08
5.174091110000000000e+08
5.174102690000000000e+08
5.174091150000000000e+08
5.174102540000000000e+08
5.174102790000000000e+08
5.174102640000000000e+08
5.174098300000000000e+08
5.174098250000000000e+08
5.174098450000000000e+08
5.174091030000000000e+08
5.174098350000000000e+08
5.174095320000000000e+08
5.174094170000000000e+08
5.174094120000000000e+08
5.174093970000000000e+08
5.174093920000000000e+08
5.174090860000000000e+08
5.174093670000000000e+08
5.174099440000000000e+08
5.174099490000000000e+08
5.174099540000000000e+08
5.174101900000000000e+08
5.174097970000000000e+08
5.174090090000000000e+08
5.174093370000000000e+08
5.174093410000000000e+08
5.174100930000000000e+08
5.174100980000000000e+08
5.174093330000000000e+08
5.174100880000000000e+08
5.174101030000000000e+08
5.174090050000000000e+08
5.174103260000000000e+08
5.174099100000000000e+08
5.174099200000000000e+08
5.174099150000000000e+08
5.174100370000000000e+08
5.174099240000000000e+08
5.174099340000000000e+08
5.174094950000000000e+08
5.174094920000000000e+08
5.174098150000000000e+08
5.174103810000000000e+08
5.174099050000000000e+08
5.174095830000000000e+08
5.174092530000000000e+08
5.174104800000000000e+08
5.174095870000000000e+08
5.174093170000000000e+08
5.174104110000000000e+08
5.174093210000000000e+08
5.174101130000000000e+08
5.174101080000000000e+08
5.174097410000000000e+08
5.174093290000000000e+08
5.174090910000000000e+08
5.174101230000000000e+08
5.174104060000000000e+08
5.174103910000000000e+08
5.174101180000000000e+08
5.174102890000000000e+08
5.174103160000000000e+08
5.174099930000000000e+08
5.174099980000000000e+08
5.174103010000000000e+08
5.174102390000000000e+08
5.174099880000000000e+08
5.174102590000000000e+08
5.174102440000000000e+08
5.174095790000000000e+08
5.174097810000000000e+08
5.174097460000000000e+08
5.174097360000000000e+08
5.174097510000000000e+08
5.174097660000000000e+08
5.174097610000000000e+08
5.174097560000000000e+08
5.174101680000000000e+08
5.174096890000000000e+08
5.174090330000000000e+08
5.174090210000000000e+08
5.174096140000000000e+08
5.174096040000000000e+08
5.174096260000000000e+08
5.174090250000000000e+08
5.174096210000000000e+08
5.174101980000000000e+08
5.174097080000000000e+08
5.174103060000000000e+08
5.174103110000000000e+08
5.174091480000000000e+08
5.174100520000000000e+08
5.174091230000000000e+08
5.174098550000000000e+08
5.174098600000000000e+08
5.174100280000000000e+08
5.174100230000000000e+08
5.174100180000000000e+08
5.174100130000000000e+08
5.174100080000000000e+08
5.174100030000000000e+08
5.174091310000000000e+08
5.174094320000000000e+08
5.174095710000000000e+08
5.174094670000000000e+08
5.174095750000000000e+08
5.174097760000000000e+08
5.174094520000000000e+08
5.174090130000000000e+08
5.174090170000000000e+08
5.174098030000000000e+08
5.174096310000000000e+08
5.174096360000000000e+08
5.174095660000000000e+08
5.174100830000000000e+08
5.174100780000000000e+08
5.174091880000000000e+08
5.174091780000000000e+08
5.174091530000000000e+08
5.174091580000000000e+08
5.174091830000000000e+08
5.174103710000000000e+08
5.174103210000000000e+08
5.174091730000000000e+08
5.174095120000000000e+08
5.174101550000000000e+08
5.174096460000000000e+08
5.174101780000000000e+08
5.174098200000000000e+08
5.174092250000000000e+08
5.174097130000000000e+08
5.174096990000000000e+08
5.174097180000000000e+08
5.174097940000000000e+08
5.174102020000000000e+08
5.174097030000000000e+08
5.174094370000000000e+08
5.174094420000000000e+08
5.174104740000000000e+08
5.174094470000000000e+08
5.174094720000000000e+08
5.174104880000000000e+08
5.174094770000000000e+08
5.174092300000000000e+08
5.174097230000000000e+08
5.174092580000000000e+08
5.174092630000000000e+08
5.174092880000000000e+08
5.174092980000000000e+08
5.174095070000000000e+08
5.174092780000000000e+08
5.174103390000000000e+08
5.174092930000000000e+08
5.174096840000000000e+08
5.174093550000000000e+08
5.174089960000000000e+08
5.174097860000000000e+08
5.174091980000000000e+08
5.174090290000000000e+08
5.174096940000000000e+08
5.174096790000000000e+08
5.174092430000000000e+08
5.174092480000000000e+08
5.174092200000000000e+08
5.174091350000000000e+08
5.174092030000000000e+08
5.174092350000000000e+08
5.174097890000000000e+08
5.174103310000000000e+08
5.174102060000000000e+08
5.174099790000000000e+08
5.174092680000000000e+08
5.174092830000000000e+08
5.174103430000000000e+08
5.174103630000000000e+08
5.174095470000000000e+08
5.174101860000000000e+08
5.174098120000000000e+08
5.174090690000000000e+08
5.174090810000000000e+08
5.174090760000000000e+08
