5.175049710000000000e+08
5.175049630000000000e+08
5.175049350000000000e+08
5.175049530000000000e+08
5.175050310000000000e+08
5.175050470000000000e+08
5.175050360000000000e+08
5.175050520000000000e+08
5.175050670000000000e+08
5.175058860000000000e+08
5.175058810000000000e+08
5.175054240000000000e+08
5.175051560000000000e+08
5.175056890000000000e+08
5.175056940000000000e+08
5.175056780000000000e+08
5.175056830000000000e+08
5.175063120000000000e+08
5.175051420000000000e+08
5.175052460000000000e+08
5.175057040000000000e+08
5.175054190000000000e+08
5.175050420000000000e+08
5.175050260000000000e+08
5.175054860000000000e+08
5.175054960000000000e+08
5.175054910000000000e+08
5.175052780000000000e+08
5.175055010000000000e+08
5.175052210000000000e+08
5.175052060000000000e+08
5.175052110000000000e+08
5.175052010000000000e+08
5.175051860000000000e+08
5.175051910000000000e+08
5.175052160000000000e+08
5.175052670000000000e+08
5.175059700000000000e+08
5.175060030000000000e+08
5.175060110000000000e+08
5.175063250000000000e+08
5.175047770000000000e+08
5.175049780000000000e+08
5.175049840000000000e+08
5.175049890000000000e+08
5.175057200000000000e+08
5.175057120000000000e+08
5.175059560000000000e+08
5.175048980000000000e+08
5.175052540000000000e+08
5.175054560000000000e+08
5.175057570000000000e+08
5.175049230000000000e+08
5.175047440000000000e+08
5.175047490000000000e+08
5.175047720000000000e+08
5.175051340000000000e+08
5.175057300000000000e+08
5.175049390000000000e+08
5.175047670000000000e+08
5.175060750000000000e+08
5.175055160000000000e+08
5.175055210000000000e+08
5.175055260000000000e+08
5.175060890000000000e+08
5.175052830000000000e+08
5.175055060000000000e+08
5.175055110000000000e+08
5.175052870000000000e+08
5.175048320000000000e+08
5.175054480000000000e+08
5.175054520000000000e+08
5.175057400000000000e+08
5.175057350000000000e+08
5.175048220000000000e+08
5.175048270000000000e+08
5.175057450000000000e+08
5.175048170000000000e+08
5.175058390000000000e+08
5.175047540000000000e+08
5.175056180000000000e+08
5.175056220000000000e+08
5.175055860000000000e+08
5.175058240000000000e+08
5.175056280000000000e+08
5.175056320000000000e+08
5.175047620000000000e+08
5.175051960000000000e+08
5.175060980000000000e+08
5.175061070000000000e+08
5.175060360000000000e+08
5.175052590000000000e+08
5.175060410000000000e+08
5.175060460000000000e+08
5.175060600000000000e+08
5.175052910000000000e+08
5.175060680000000000e+08
5.175048550000000000e+08
5.175048120000000000e+08
5.175054400000000000e+08
5.175048610000000000e+08
5.175047970000000000e+08
5.175048070000000000e+08
5.175048020000000000e+08
5.175058190000000000e+08
5.175058040000000000e+08
5.175056030000000000e+08
5.175058090000000000e+08
5.175056140000000000e+08
5.175057940000000000e+08
5.175057990000000000e+08
5.175060310000000000e+08
5.175053170000000000e+08
5.175051760000000000e+08
5.175051510000000000e+08
5.175053420000000000e+08
5.175057740000000000e+08
5.175057610000000000e+08
5.175049270000000000e+08
5.175049110000000000e+08
5.175053220000000000e+08
5.175061150000000000e+08
5.175055400000000000e+08
5.175053870000000000e+08
5.175053820000000000e+08
5.175053770000000000e+08
5.175054100000000000e+08
5.175054050000000000e+08
5.175054320000000000e+08
5.175053970000000000e+08
5.175051810000000000e+08
5.175051660000000000e+08
5.175063190000000000e+08
5.175053070000000000e+08
5.175053320000000000e+08
5.175053470000000000e+08
5.175049940000000000e+08
5.175053370000000000e+08
5.175049060000000000e+08
5.175058960000000000e+08
5.175058910000000000e+08
5.175048760000000000e+08
5.175048410000000000e+08
5.175059110000000000e+08
5.175054280000000000e+08
5.175059250000000000e+08
5.175059060000000000e+08
5.175059010000000000e+08
5.175059300000000000e+08
5.175048870000000000e+08
5.175055900000000000e+08
5.175062820000000000e+08
5.175053270000000000e+08
5.175053120000000000e+08
5.175059420000000000e+08
5.175050060000000000e+08
5.175056990000000000e+08
5.175056600000000000e+08
5.175051130000000000e+08
5.175061320000000000e+08
5.175047320000000000e+08
5.175047920000000000e+08
5.175061230000000000e+08
5.175056560000000000e+08
