5.175049580000000000e+08
5.175048220000000000e+08
5.175060170000000000e+08
5.175061640000000000e+08
5.175058960000000000e+08
5.175058470000000000e+08
5.175047490000000000e+08
5.175047370000000000e+08
5.175047440000000000e+08
5.175059010000000000e+08
5.175059160000000000e+08
5.175048660000000000e+08
5.175061070000000000e+08
5.175056600000000000e+08
5.175052300000000000e+08
5.175058040000000000e+08
5.175060980000000000e+08
5.175052010000000000e+08
5.175060360000000000e+08
5.175049230000000000e+08
5.175054670000000000e+08
5.175051860000000000e+08
5.175055400000000000e+08
5.175057740000000000e+08
5.175048810000000000e+08
5.175058810000000000e+08
5.175058860000000000e+08
5.175047920000000000e+08
5.175060030000000000e+08
5.175047670000000000e+08
5.175051070000000000e+08
5.175060110000000000e+08
5.175060680000000000e+08
5.175056140000000000e+08
5.175060600000000000e+08
5.175055160000000000e+08
5.175055260000000000e+08
5.175060890000000000e+08
5.175060410000000000e+08
5.175050420000000000e+08
5.175061770000000000e+08
5.175056560000000000e+08
5.175047820000000000e+08
5.175054810000000000e+08
5.175060220000000000e+08
5.175051180000000000e+08
5.175050100000000000e+08
5.175057610000000000e+08
5.175051030000000000e+08
5.175057450000000000e+08
5.175057150000000000e+08
5.175052540000000000e+08
5.175048980000000000e+08
5.175049480000000000e+08
5.175056000000000000e+08
5.175052950000000000e+08
5.175059060000000000e+08
5.175058440000000000e+08
5.175057300000000000e+08
5.175057200000000000e+08
5.175053870000000000e+08
5.175054160000000000e+08
5.175047720000000000e+08
5.175050860000000000e+08
5.175051810000000000e+08
5.175058710000000000e+08
5.175051760000000000e+08
5.175051510000000000e+08
5.175050260000000000e+08
5.175054190000000000e+08
5.175050470000000000e+08
5.175050210000000000e+08
5.175050360000000000e+08
5.175048270000000000e+08
5.175054480000000000e+08
5.175047620000000000e+08
5.175051300000000000e+08
5.175057500000000000e+08
5.175061560000000000e+08
5.175057400000000000e+08
5.175048170000000000e+08
5.175049630000000000e+08
5.175049530000000000e+08
5.175054520000000000e+08
5.175058140000000000e+08
5.175056280000000000e+08
5.175061880000000000e+08
5.175052160000000000e+08
5.175052210000000000e+08
5.175058190000000000e+08
5.175062120000000000e+08
5.175060460000000000e+08
5.175056030000000000e+08
5.175048410000000000e+08
5.175053170000000000e+08
5.175051220000000000e+08
5.175055350000000000e+08
5.175053020000000000e+08
5.175053370000000000e+08
5.175049940000000000e+08
5.175052870000000000e+08
5.175055010000000000e+08
5.175052780000000000e+08
5.175059830000000000e+08
5.175056100000000000e+08
5.175054910000000000e+08
5.175048610000000000e+08
5.175048120000000000e+08
5.175048070000000000e+08
5.175049840000000000e+08
5.175049780000000000e+08
5.175049710000000000e+08
5.175052980000000000e+08
5.175048020000000000e+08
5.175047970000000000e+08
5.175060750000000000e+08
5.175057990000000000e+08
5.175055210000000000e+08
5.175061830000000000e+08
5.175059700000000000e+08
5.175054960000000000e+08
5.175059780000000000e+08
5.175048760000000000e+08
5.175056990000000000e+08
5.175055700000000000e+08
5.175056430000000000e+08
5.175051560000000000e+08
5.175053220000000000e+08
5.175053270000000000e+08
5.175053120000000000e+08
5.175051660000000000e+08
5.175053070000000000e+08
5.175053320000000000e+08
5.175056480000000000e+08
5.175052110000000000e+08
5.175058090000000000e+08
5.175055500000000000e+08
5.175054050000000000e+08
5.175055770000000000e+08
5.175053420000000000e+08
5.175048510000000000e+08
5.175049060000000000e+08
5.175052260000000000e+08
5.175053920000000000e+08
5.175053820000000000e+08
5.175052360000000000e+08
5.175053770000000000e+08
5.175054100000000000e+08
5.175049890000000000e+08
5.175051260000000000e+08
5.175056890000000000e+08
5.175058390000000000e+08
5.175058240000000000e+08
5.175056940000000000e+08
5.175056830000000000e+08
5.175056780000000000e+08
5.175056680000000000e+08
5.175061400000000000e+08
5.175059110000000000e+08
5.175059250000000000e+08
5.175061150000000000e+08
5.175052630000000000e+08
5.175055860000000000e+08
5.175053970000000000e+08
5.175054280000000000e+08
5.175058620000000000e+08
5.175047540000000000e+08
5.175055900000000000e+08
5.175050830000000000e+08
5.175061710000000000e+08
5.175050920000000000e+08
5.175052330000000000e+08
5.175048870000000000e+08
5.175059420000000000e+08
5.175050030000000000e+08
5.175052060000000000e+08
5.175051910000000000e+08
5.175055110000000000e+08
5.175048550000000000e+08
5.175050310000000000e+08
5.175050570000000000e+08
