5.174886930000000000e+08
5.174892700000000000e+08
5.174892180000000000e+08
5.174862120000000000e+08
5.174899020000000000e+08
5.174869420000000000e+08
5.174868660000000000e+08
5.174931950000000000e+08
5.174931190000000000e+08
5.174867270000000000e+08
5.174866650000000000e+08
5.174867070000000000e+08
5.174928540000000000e+08
5.174885950000000000e+08
5.174932300000000000e+08
5.174912350000000000e+08
5.174895750000000000e+08
5.174920730000000000e+08
5.174863660000000000e+08
5.174894070000000000e+08
5.174896920000000000e+08
5.174849020000000000e+08
5.174847430000000000e+08
5.174854700000000000e+08
5.174852040000000000e+08
5.174886470000000000e+08
5.174904500000000000e+08
5.174886870000000000e+08
5.174920570000000000e+08
5.174886770000000000e+08
5.174902720000000000e+08
5.174876950000000000e+08
5.174930720000000000e+08
5.174926630000000000e+08
5.174928850000000000e+08
5.174928680000000000e+08
5.174910230000000000e+08
5.174921240000000000e+08
5.174909560000000000e+08
5.174895280000000000e+08
5.174929000000000000e+08
5.174921070000000000e+08
5.174896170000000000e+08
5.174915700000000000e+08
5.174899610000000000e+08
5.174886680000000000e+08
5.174849250000000000e+08
5.174850750000000000e+08
5.174886580000000000e+08
5.174872140000000000e+08
5.174902540000000000e+08
5.174850950000000000e+08
5.174902880000000000e+08
5.174916550000000000e+08
5.174930490000000000e+08
5.174900190000000000e+08
5.174930050000000000e+08
5.174899930000000000e+08
5.174921540000000000e+08
5.174900080000000000e+08
5.174849180000000000e+08
5.174923580000000000e+08
5.174922550000000000e+08
5.174920210000000000e+08
5.174924880000000000e+08
5.174902110000000000e+08
5.174924750000000000e+08
5.174897990000000000e+08
5.174902340000000000e+08
5.174925810000000000e+08
5.174887020000000000e+08
5.174873860000000000e+08
5.174887940000000000e+08
5.174905400000000000e+08
5.174868850000000000e+08
5.174883550000000000e+08
5.174890210000000000e+08
5.174903630000000000e+08
5.174919890000000000e+08
5.174891420000000000e+08
5.174901970000000000e+08
5.174932440000000000e+08
5.174851150000000000e+08
5.174861070000000000e+08
5.174900620000000000e+08
5.174932190000000000e+08
5.174890930000000000e+08
5.174860460000000000e+08
5.174867610000000000e+08
5.174880900000000000e+08
5.174900360000000000e+08
5.174928450000000000e+08
5.174886840000000000e+08
5.174912090000000000e+08
5.174849330000000000e+08
5.174925190000000000e+08
5.174857170000000000e+08
5.174855540000000000e+08
5.174922240000000000e+08
5.174910770000000000e+08
5.174855740000000000e+08
5.174925630000000000e+08
5.174923370000000000e+08
5.174911450000000000e+08
5.174922940000000000e+08
5.174924320000000000e+08
5.174922740000000000e+08
5.174876470000000000e+08
5.174876700000000000e+08
5.174866790000000000e+08
5.174873170000000000e+08
5.174928290000000000e+08
5.174891870000000000e+08
5.174872680000000000e+08
5.174893120000000000e+08
5.174872990000000000e+08
5.174915420000000000e+08
5.174879780000000000e+08
5.174865940000000000e+08
5.174894170000000000e+08
5.174916420000000000e+08
5.174920890000000000e+08
5.174847770000000000e+08
5.174914980000000000e+08
5.174895480000000000e+08
5.174862970000000000e+08
5.174855940000000000e+08
5.174871700000000000e+08
5.174856520000000000e+08
5.174909250000000000e+08
5.174908950000000000e+08
5.174886160000000000e+08
5.174908140000000000e+08
5.174929260000000000e+08
5.174907930000000000e+08
5.174907770000000000e+08
5.174907610000000000e+08
5.174903880000000000e+08
5.174873510000000000e+08
5.174874580000000000e+08
5.174881030000000000e+08
5.174875070000000000e+08
5.174865450000000000e+08
5.174874830000000000e+08
5.174874380000000000e+08
5.174908390000000000e+08
5.174916480000000000e+08
5.174847920000000000e+08
5.174899780000000000e+08
5.174901890000000000e+08
5.174906200000000000e+08
5.174863090000000000e+08
5.174862390000000000e+08
5.174882650000000000e+08
5.174879490000000000e+08
5.174851610000000000e+08
5.174880160000000000e+08
5.174863280000000000e+08
5.174863420000000000e+08
5.174872040000000000e+08
5.174882980000000000e+08
5.174849990000000000e+08
5.174856660000000000e+08
5.174879680000000000e+08
5.174929830000000000e+08
5.174868990000000000e+08
5.174879380000000000e+08
5.174862290000000000e+08
5.174915950000000000e+08
5.174861850000000000e+08
5.174883350000000000e+08
5.174920430000000000e+08
5.174882440000000000e+08
5.174916610000000000e+08
5.174883760000000000e+08
5.174873340000000000e+08
5.174858200000000000e+08
5.174874180000000000e+08
5.174855060000000000e+08
5.174868150000000000e+08
5.174874040000000000e+08
5.174855220000000000e+08
5.174916250000000000e+08
5.174862640000000000e+08
5.174911940000000000e+08
5.174926240000000000e+08
5.174871920000000000e+08
5.174898350000000000e+08
5.174852190000000000e+08
5.174880290000000000e+08
5.174879090000000000e+08
5.174916170000000000e+08
5.174872420000000000e+08
5.174925040000000000e+08
5.174889820000000000e+08
5.174850460000000000e+08
5.174885250000000000e+08
5.174857480000000000e+08
5.174866490000000000e+08
5.174886270000000000e+08
5.174893970000000000e+08
5.174848050000000000e+08
5.174866320000000000e+08
5.174866150000000000e+08
5.174861360000000000e+08
5.174916670000000000e+08
5.174867760000000000e+08
5.174911750000000000e+08
5.174899270000000000e+08
5.174881670000000000e+08
5.174904950000000000e+08
5.174897320000000000e+08
5.174914170000000000e+08
5.174914610000000000e+08
5.174921710000000000e+08
5.174905940000000000e+08
5.174914380000000000e+08
5.174896570000000000e+08
5.174879590000000000e+08
5.174887550000000000e+08
5.174921380000000000e+08
5.174849750000000000e+08
5.174851390000000000e+08
5.174872830000000000e+08
5.174865680000000000e+08
5.174867460000000000e+08
5.174887340000000000e+08
