5.174778130000000000e+08
5.174803020000000000e+08
5.174802810000000000e+08
5.174803160000000000e+08
5.174795680000000000e+08
5.174744610000000000e+08
5.174795460000000000e+08
5.174804110000000000e+08
5.174804290000000000e+08
5.174744670000000000e+08
5.174804650000000000e+08
5.174807940000000000e+08
5.174743980000000000e+08
5.174742920000000000e+08
5.174742190000000000e+08
5.174743750000000000e+08
5.174743520000000000e+08
5.174744180000000000e+08
5.174780800000000000e+08
5.174731440000000000e+08
5.174742340000000000e+08
5.174769100000000000e+08
5.174803630000000000e+08
5.174728590000000000e+08
5.174795160000000000e+08
5.174795010000000000e+08
5.174794840000000000e+08
5.174795280000000000e+08
5.174771790000000000e+08
5.174794600000000000e+08
5.174772430000000000e+08
5.174772120000000000e+08
5.174743110000000000e+08
5.174742710000000000e+08
5.174756020000000000e+08
5.174760950000000000e+08
5.174728050000000000e+08
5.174728110000000000e+08
5.174800330000000000e+08
5.174734650000000000e+08
5.174778770000000000e+08
5.174735080000000000e+08
5.174735130000000000e+08
5.174734840000000000e+08
5.174734970000000000e+08
5.174778500000000000e+08
5.174737190000000000e+08
5.174738380000000000e+08
5.174738230000000000e+08
5.174746250000000000e+08
5.174746430000000000e+08
5.174762320000000000e+08
5.174779780000000000e+08
5.174744450000000000e+08
5.174780600000000000e+08
5.174779480000000000e+08
5.174746150000000000e+08
5.174746050000000000e+08
5.174808380000000000e+08
5.174769390000000000e+08
5.174736810000000000e+08
5.174737000000000000e+08
5.174736620000000000e+08
5.174737940000000000e+08
5.174738070000000000e+08
5.174776850000000000e+08
5.174737410000000000e+08
5.174803330000000000e+08
5.174775740000000000e+08
5.174788010000000000e+08
5.174803230000000000e+08
5.174726250000000000e+08
5.174750130000000000e+08
5.174807610000000000e+08
5.174750230000000000e+08
5.174749940000000000e+08
5.174750040000000000e+08
5.174787470000000000e+08
5.174803480000000000e+08
5.174780100000000000e+08
5.174781090000000000e+08
5.174761350000000000e+08
5.174780470000000000e+08
5.174803810000000000e+08
5.174780350000000000e+08
5.174780710000000000e+08
5.174803980000000000e+08
5.174799350000000000e+08
5.174765760000000000e+08
5.174765260000000000e+08
5.174765520000000000e+08
5.174773780000000000e+08
5.174766010000000000e+08
5.174768240000000000e+08
5.174773140000000000e+08
5.174773530000000000e+08
5.174728170000000000e+08
5.174772690000000000e+08
5.174772920000000000e+08
5.174728700000000000e+08
5.174728800000000000e+08
5.174739580000000000e+08
5.174808500000000000e+08
5.174750820000000000e+08
5.174807700000000000e+08
5.174744960000000000e+08
5.174750960000000000e+08
5.174750680000000000e+08
5.174751110000000000e+08
5.174749620000000000e+08
5.174762570000000000e+08
5.174762770000000000e+08
5.174748730000000000e+08
5.174748970000000000e+08
5.174749200000000000e+08
5.174749410000000000e+08
5.174741150000000000e+08
5.174727570000000000e+08
5.174797420000000000e+08
5.174797640000000000e+08
5.174795820000000000e+08
5.174756140000000000e+08
5.174756280000000000e+08
5.174756400000000000e+08
5.174756860000000000e+08
5.174728350000000000e+08
5.174728260000000000e+08
5.174757200000000000e+08
5.174740220000000000e+08
5.174738740000000000e+08
5.174744820000000000e+08
5.174739020000000000e+08
5.174739920000000000e+08
5.174739740000000000e+08
5.174744860000000000e+08
5.174747090000000000e+08
5.174741260000000000e+08
5.174747020000000000e+08
5.174747160000000000e+08
5.174745870000000000e+08
5.174762110000000000e+08
5.174742530000000000e+08
5.174797850000000000e+08
5.174798360000000000e+08
5.174729490000000000e+08
5.174729540000000000e+08
5.174728860000000000e+08
5.174798030000000000e+08
5.174798490000000000e+08
5.174726460000000000e+08
5.174777540000000000e+08
5.174789530000000000e+08
5.174798210000000000e+08
5.174788490000000000e+08
5.174733590000000000e+08
5.174789180000000000e+08
5.174788820000000000e+08
5.174744770000000000e+08
5.174730660000000000e+08
5.174732980000000000e+08
5.174727370000000000e+08
5.174754600000000000e+08
5.174746530000000000e+08
5.174733120000000000e+08
5.174730240000000000e+08
5.174731220000000000e+08
5.174730910000000000e+08
5.174730790000000000e+08
5.174754290000000000e+08
5.174799970000000000e+08
5.174729640000000000e+08
5.174799460000000000e+08
5.174729320000000000e+08
5.174729590000000000e+08
5.174729370000000000e+08
5.174731290000000000e+08
5.174731340000000000e+08
5.174729420000000000e+08
5.174768550000000000e+08
5.174768830000000000e+08
5.174787760000000000e+08
5.174732560000000000e+08
5.174727970000000000e+08
5.174804440000000000e+08
5.174805120000000000e+08
5.174727860000000000e+08
5.174749840000000000e+08
5.174807390000000000e+08
5.174807180000000000e+08
5.174729760000000000e+08
5.174729850000000000e+08
5.174804890000000000e+08
5.174805570000000000e+08
5.174805350000000000e+08
5.174727710000000000e+08
5.174776460000000000e+08
5.174732080000000000e+08
5.174799660000000000e+08
5.174731650000000000e+08
5.174732260000000000e+08
5.174731860000000000e+08
5.174731490000000000e+08
5.174802370000000000e+08
5.174731390000000000e+08
5.174731540000000000e+08
5.174755440000000000e+08
5.174755610000000000e+08
5.174754840000000000e+08
5.174733270000000000e+08
5.174755310000000000e+08
5.174755140000000000e+08
5.174733420000000000e+08
